{
 "cells": [
  {
   "cell_type": "markdown",
   "id": "480a1c66",
   "metadata": {},
   "source": [
    "<h3 style=\"color: green\">Handling Dimensionality of data (Dimensionality Reduction)<br>\n",
    "    \n",
    "1.Principal Component Analysis (PCA):<br>\n",
    "----Eigenvectors and Eigenvalues<br>\n",
    "----Covariance matrix<br>\n",
    "----Variance explained<br>\n",
    "----Scree plot<br>\n",
    "    \n",
    "2.t-Distributed Stochastic Neighbor Embedding (t-SNE):<br>\n",
    "----High-dimensional data visualization<br>\n",
    "----Perplexity<br>\n",
    "----Gradient descent<br>\n",
    "----Clustering<br>\n",
    "    \n",
    "3.Feature Engineering:<br>\n",
    "----One-hot encoding<br>\n",
    "----Scaling/Normalization<br>\n",
    "----Feature selection<br>\n",
    "----Handling missing values<br>\n",
    "----Binning/binarization<br>\n",
    "    \n",
    "5.Extracting date/time features:<br>\n",
    "----Day of the week/month/year<br>\n",
    "----Hour of the day<br>\n",
    "----Time since event<br>\n",
    "    \n",
    "6.Creating binary indicators:<br>\n",
    "----Boolean features<br>\n",
    "----Dummy variables<br>\n",
    "----Binary classification tasks<br>"
   ]
  },
  {
   "cell_type": "code",
   "execution_count": 69,
   "id": "f3238fef",
   "metadata": {},
   "outputs": [],
   "source": [
    "import pandas as pd\n",
    "import numpy as np\n",
    "import matplotlib.pyplot as plt\n",
    "import seaborn as sns\n",
    "from sklearn.decomposition import PCA\n",
    "from sklearn.manifold import TSNE\n",
    "from sklearn.preprocessing import StandardScaler, OneHotEncoder\n",
    "from sklearn.feature_selection import SelectKBest, chi2\n",
    "from sklearn.preprocessing import Binarizer\n",
    "from sklearn.model_selection import train_test_split\n",
    "from sklearn.linear_model import LogisticRegression\n",
    "from sklearn.metrics import classification_report\n",
    "from datetime import datetime"
   ]
  },
  {
   "cell_type": "markdown",
   "id": "d607c1cc",
   "metadata": {},
   "source": [
    "<h2 style=\"color:blue\">Principal Component Analysis (PCA):    PCA is a dimensionality reduction technique that finds a new set of variables (called principal components) that capture the maximum amount of variance in the data. It does this by identifying the directions (or eigenvectors) in which the data varies the most, and projecting the data onto these directions.\n",
    "    Creating new features: In addition to the techniques covered under feature engineering, creating new features can also involve combining existing features, creating interaction terms, or generating polynomial features (i.e. raising features to a power).\n",
    "\n",
    "Extracting date/time features: Date/time features can be useful in a variety of machine learning applications, particularly in time-series analysis or when working with data that has a temporal component. Common date/time features include the day of the week/month/year, hour of the day, or the time since an event.\n",
    "\n",
    "Creating binary indicators: Binary indicators involve converting categorical variables into binary (i.e. 0/1) variables that can be used in machine learning models. This can include techniques like creating boolean features, dummy variables, or generating binary classifications tasks."
   ]
  },
  {
   "cell_type": "code",
   "execution_count": 2,
   "id": "0cdde0d2",
   "metadata": {},
   "outputs": [
    {
     "name": "stdout",
     "output_type": "stream",
     "text": [
      "Eigenvectors:\n",
      " [[-0.02943081 -0.17150038 -0.39147861 -0.14153967  0.07710887 -0.29024098\n",
      "   0.16210432  0.29168749 -0.07208968 -0.03476194 -0.07516273  0.00735357\n",
      "  -0.00985527  0.00615266  0.02847794  0.00253071 -0.00484051  0.00740329\n",
      "   0.0235893  -0.04251643  0.251134    0.0752185  -0.04916201 -0.08714825\n",
      "   0.00344651 -0.02811433 -0.00171699  0.02094579  0.00777136  0.70664115]\n",
      " [ 0.70637856  0.1140008  -0.03298885 -0.44220492 -0.10830845  0.16903805\n",
      "  -0.06019257  0.09982452 -0.0401817  -0.01123053  0.02448172 -0.25454317\n",
      "   0.12568339 -0.06794737 -0.10562344 -0.1871721   0.0181682  -0.0763944\n",
      "   0.09397186  0.02769389 -0.03590415  0.05699925  0.14219223  0.05029086\n",
      "  -0.01797631 -0.24071446 -0.04181089 -0.00815104 -0.0045607   0.02490442]]\n",
      "Eigenvalues: [1.95818136 1.68338559]\n"
     ]
    }
   ],
   "source": [
    "\n",
    "\n",
    "# Load the credit card fraud dataset\n",
    "df = pd.read_csv('creditcard.csv')\n",
    "\n",
    "# Split the dataset into features and labels\n",
    "X = df.drop(['Class'], axis=1)\n",
    "y = df['Class']\n",
    "\n",
    "# Principal Component Analysis (PCA)\n",
    "# Standardize the features before applying PCA\n",
    "scaler = StandardScaler()\n",
    "X_scaled = scaler.fit_transform(X)\n",
    "\n",
    "# Create a PCA object with 2 components\n",
    "pca = PCA(n_components=2)\n",
    "X_pca = pca.fit_transform(X_scaled)\n",
    "\n",
    "\n",
    "\n",
    "# Eigenvectors and Eigenvalues\n",
    "eigenvalues = pca.explained_variance_\n",
    "eigenvectors = pca.components_\n",
    "print(\"Eigenvectors:\\n\", eigenvectors)\n",
    "print(\"Eigenvalues:\", eigenvalues)\n",
    "\n"
   ]
  },
  {
   "cell_type": "markdown",
   "id": "b6e1ea6e",
   "metadata": {},
   "source": [
    "<h2 style=\"color: blue\">Above section calculates the eigenvectors and eigenvalues of the covariance matrix of the original dataset. The eigenvectors represent the directions in which the data varies the most, while the eigenvalues represent the amount of variance in the data that is captured by each eigenvector."
   ]
  },
  {
   "cell_type": "code",
   "execution_count": 3,
   "id": "6354ccd1",
   "metadata": {},
   "outputs": [
    {
     "name": "stdout",
     "output_type": "stream",
     "text": [
      "Covariance matrix:\n",
      " [[ 1.00000351e+00  1.17396718e-01 -1.05933643e-02 -4.19619646e-01\n",
      "  -1.05260575e-01  1.73072731e-01 -6.30166916e-02  8.47146723e-02\n",
      "  -3.69495644e-02 -8.66046411e-03  3.06167361e-02 -2.47690307e-01\n",
      "   1.24348505e-01 -6.59022551e-02 -9.87571660e-02 -1.83453918e-01\n",
      "   1.19029095e-02 -7.32974707e-02  9.04384501e-02  2.89754043e-02\n",
      "  -5.08661971e-02  4.47358834e-02  1.44059561e-01  5.11425445e-02\n",
      "  -1.61819253e-02 -2.33083609e-01 -4.14072460e-02 -5.13460915e-03\n",
      "  -9.41272123e-03 -1.05964106e-02]\n",
      " [ 1.17396718e-01  1.00000351e+00 -9.78472578e-17 -4.59847184e-16\n",
      "  -2.39503742e-16  3.16144939e-16  1.05381646e-16 -1.02188263e-16\n",
      "  -8.46246554e-17 -1.91602993e-17  4.39090193e-17  2.99379677e-16\n",
      "   1.02188263e-16 -4.28611904e-17  3.35305238e-16 -6.22709728e-17\n",
      "   3.32111855e-16  2.71437574e-17  1.38912170e-16  1.68450965e-16\n",
      "   1.14961796e-16 -9.26081134e-17  7.66411973e-17  1.08575030e-16\n",
      "  -5.10941315e-17 -1.02188263e-16 -1.24541946e-16  1.14762210e-16\n",
      "   2.81017723e-16 -2.27709452e-01]\n",
      " [-1.05933643e-02 -9.78472578e-17  1.00000351e+00  1.21348562e-16\n",
      "  -2.01183143e-16  1.05381646e-16  3.84802678e-16 -1.50089011e-16\n",
      "  -3.11354864e-17 -1.10570894e-16 -1.16558488e-16  3.12951556e-16\n",
      "  -2.61657838e-16 -7.98345805e-17 -3.63646514e-16  6.38676644e-18\n",
      "   1.91602993e-17 -6.61030327e-16  2.09166601e-16  1.07776684e-17\n",
      "   1.72442694e-16  4.94974399e-17  1.45298937e-16  8.62213470e-17\n",
      "  -9.42048050e-17  8.30279638e-17  2.77824340e-16 -4.98167783e-16\n",
      "  -3.65642379e-16 -5.31410805e-01]\n",
      " [-4.19619646e-01 -4.59847184e-16  1.21348562e-16  1.00000351e+00\n",
      "  -2.58664041e-16 -6.54643560e-16  1.44021583e-15  1.59669161e-16\n",
      "   1.72442694e-16  1.50089011e-16  2.96984640e-16  9.89948799e-17\n",
      "   1.85216227e-16 -3.83205987e-17  6.86577393e-16  3.19338322e-18\n",
      "   6.00356046e-16  5.10941315e-17  2.93791256e-16  3.35305238e-16\n",
      "   3.83205987e-17 -1.74039386e-16 -9.58014966e-17 -8.42254825e-17\n",
      "   3.51272154e-17  8.78180386e-17 -2.58664041e-16  5.58842064e-16\n",
      "   7.71202048e-16 -2.10881216e-01]\n",
      " [-1.05260575e-01 -2.39503742e-16 -2.01183143e-16 -2.58664041e-16\n",
      "   1.00000351e+00 -1.86333911e-15 -4.26316660e-16 -4.86990941e-17\n",
      "   6.41870028e-16  6.05146120e-16  1.91602993e-17 -2.92194565e-16\n",
      "  -2.07569909e-16 -1.27735329e-17 -9.40052186e-17  1.88409610e-16\n",
      "  -7.02544309e-17 -3.30515163e-16 -5.42875148e-17 -2.73832611e-16\n",
      "  -1.37315479e-16 -6.22709728e-17  2.33116975e-16  1.91602993e-16\n",
      "   1.56575571e-16  6.29096495e-16 -4.27913352e-16 -1.24541946e-16\n",
      "  -4.39090193e-18  9.87320130e-02]\n",
      " [ 1.73072731e-01  3.16144939e-16  1.05381646e-16 -6.54643560e-16\n",
      "  -1.86333911e-15  1.00000351e+00  6.00356046e-16 -1.47693974e-17\n",
      "   4.42283576e-16  5.74808980e-16  8.62213470e-17  6.83384009e-16\n",
      "   4.10349744e-16 -3.06564789e-16  2.27528555e-16  1.30928712e-16\n",
      "   5.74808980e-16  4.59847184e-16  4.88587633e-16 -9.10114218e-17\n",
      "  -2.61857424e-16 -3.83205987e-17 -2.55470658e-17  9.42048050e-17\n",
      "  -9.26081134e-16 -6.38676644e-17  3.19338322e-16  4.60645530e-16\n",
      "  -1.81224498e-16 -3.86357613e-01]\n",
      " [-6.30166916e-02  1.05381646e-16  3.84802678e-16  1.44021583e-15\n",
      "  -4.26316660e-16  6.00356046e-16  1.00000351e+00 -9.89948799e-17\n",
      "  -3.22531705e-16 -1.05381646e-16  1.50089011e-16  9.83562032e-16\n",
      "   2.84211107e-16 -1.70846002e-16  3.73625837e-16 -1.46895628e-16\n",
      "  -1.02188263e-16  1.25340291e-16  1.91602993e-17  2.61857424e-16\n",
      "   1.27735329e-16 -4.90982670e-17 -1.27735329e-16  3.99172903e-17\n",
      "  -1.05740902e-15  5.55648681e-16 -2.53873966e-16 -1.35718787e-16\n",
      "   4.36295983e-16  2.15981939e-01]\n",
      " [ 8.47146723e-02 -1.02188263e-16 -1.50089011e-16  1.59669161e-16\n",
      "  -4.86990941e-17 -1.47693974e-17 -9.89948799e-17  1.00000351e+00\n",
      "   0.00000000e+00  1.27735329e-17  2.93791256e-16 -3.32111855e-16\n",
      "   6.61030327e-16 -4.47073651e-17  6.60880637e-17 -3.51272154e-17\n",
      "   4.85394250e-16  5.22517330e-16  2.17150059e-16 -1.08575030e-16\n",
      "   2.39503742e-16  1.91602993e-17 -6.38676644e-16 -3.48078771e-16\n",
      "  -1.09772548e-17 -1.53282395e-16 -7.44058291e-16 -8.30279638e-17\n",
      "   1.27735329e-17  3.97312673e-01]\n",
      " [-3.69495644e-02 -8.46246554e-17 -3.11354864e-17  1.72442694e-16\n",
      "   6.41870028e-16  4.42283576e-16 -3.22531705e-16  0.00000000e+00\n",
      "   1.00000351e+00  4.13543127e-16  5.26908232e-17  1.48891493e-16\n",
      "   1.91602993e-17 -2.91994978e-16 -2.74630957e-16  7.34478141e-17\n",
      "   2.01183143e-16 -3.48078771e-16 -3.54465538e-16 -3.64045687e-16\n",
      "   1.08575030e-16  1.14961796e-16  2.39503742e-18  2.04376526e-16\n",
      "  -1.91602993e-16 -1.45298937e-16 -2.39503742e-18  2.92194565e-16\n",
      "  -5.70018905e-16 -1.03079458e-01]\n",
      " [-8.66046411e-03 -1.91602993e-17 -1.10570894e-16  1.50089011e-16\n",
      "   6.05146120e-16  5.74808980e-16 -1.05381646e-16  1.27735329e-17\n",
      "   4.13543127e-16  1.00000351e+00 -3.04968098e-16  2.42697125e-16\n",
      "  -1.12609171e-15  1.00272233e-15  1.03146278e-15 -7.40864907e-16\n",
      "  -4.34300118e-16  6.83384009e-16  1.72442694e-16  1.16558488e-16\n",
      "  -3.49675463e-16  2.47487200e-16 -1.72442694e-16 -6.38676644e-17\n",
      "  -2.65050807e-16  2.04376526e-16 -1.40508862e-16 -1.29332020e-16\n",
      "   7.69605356e-16 -4.42457573e-02]\n",
      " [ 3.06167361e-02  4.39090193e-17 -1.16558488e-16  2.96984640e-16\n",
      "   1.91602993e-17  8.62213470e-17  1.50089011e-16  2.93791256e-16\n",
      "   5.26908232e-17 -3.04968098e-16  1.00000351e+00 -3.49675463e-16\n",
      "   7.23900059e-16 -4.34848981e-16  6.16322962e-16  3.99172903e-16\n",
      "   7.34478141e-17  7.08931075e-16  4.94974399e-16  6.38676644e-18\n",
      "  -1.23783517e-15  1.04423631e-15 -2.55470658e-16  2.27927727e-16\n",
      "  -8.46246554e-17 -3.61650650e-16 -3.70432454e-16 -3.86399370e-16\n",
      "   2.07569909e-16 -1.01502497e-01]\n",
      " [-2.47690307e-01  2.99379677e-16  3.12951556e-16  9.89948799e-17\n",
      "  -2.92194565e-16  6.83384009e-16  9.83562032e-16 -3.32111855e-16\n",
      "   1.48891493e-16  2.42697125e-16 -3.49675463e-16  1.00000351e+00\n",
      "  -4.91781016e-16  3.82407641e-16 -6.06742812e-17  1.82022844e-16\n",
      "   1.56475778e-16  6.46660102e-16  7.02544309e-17 -1.14961796e-15\n",
      "  -2.13956676e-16 -6.38676644e-17 -6.38676644e-18  1.56475778e-16\n",
      "   1.63181883e-15 -6.25903111e-16 -9.64002560e-17 -1.67652619e-16\n",
      "  -3.42989317e-16  1.03977387e-04]\n",
      " [ 1.24348505e-01  1.02188263e-16 -2.61657838e-16  1.85216227e-16\n",
      "  -2.07569909e-16  4.10349744e-16  2.84211107e-16  6.61030327e-16\n",
      "   1.91602993e-17 -1.12609171e-15  7.23900059e-16 -4.91781016e-16\n",
      "   1.00000351e+00 -2.30705971e-14  6.46660102e-16 -2.93791256e-16\n",
      "   4.45476959e-16 -4.27913352e-16 -6.45063411e-16  1.72442694e-16\n",
      "   2.53075620e-16  5.84389130e-16 -5.10941315e-17  2.96984640e-16\n",
      "   4.44678614e-16 -1.91602993e-17  1.61265853e-16 -3.06564789e-16\n",
      "   7.00947617e-16 -9.54183566e-03]\n",
      " [-6.59022551e-02 -4.28611904e-17 -7.98345805e-17 -3.83205987e-17\n",
      "  -1.27735329e-17 -3.06564789e-16 -1.70846002e-16 -4.47073651e-17\n",
      "  -2.91994978e-16  1.00272233e-15 -4.34848981e-16  3.82407641e-16\n",
      "  -2.30705971e-14  1.00000351e+00  1.53601733e-15 -9.26081134e-17\n",
      "   4.94176054e-16  1.20949390e-16  2.10763293e-16 -1.09373375e-16\n",
      "   4.15139819e-17  1.48891493e-16 -3.83205987e-17 -6.94560851e-16\n",
      "  -5.95565971e-16 -1.05381646e-16 -1.54080740e-16 -4.89585565e-16\n",
      "   1.08255691e-15  5.29342762e-03]\n",
      " [-9.87571660e-02  3.35305238e-16 -3.63646514e-16  6.86577393e-16\n",
      "  -9.40052186e-17  2.27528555e-16  3.73625837e-16  6.60880637e-17\n",
      "  -2.74630957e-16  1.03146278e-15  6.16322962e-16 -6.06742812e-17\n",
      "   6.46660102e-16  1.53601733e-15  1.00000351e+00 -3.12951556e-16\n",
      "  -9.96335565e-16  1.20071209e-15 -3.32111855e-16  2.28326900e-16\n",
      "  -3.19338322e-18 -1.88409610e-16  6.38676644e-16  2.50680583e-16\n",
      "   9.58014966e-18 -4.79007483e-17 -1.43702245e-17  1.43702245e-17\n",
      "   2.43016463e-15  3.37512903e-02]\n",
      " [-1.83453918e-01 -6.22709728e-17  6.38676644e-18  3.19338322e-18\n",
      "   1.88409610e-16  1.30928712e-16 -1.46895628e-16 -3.51272154e-17\n",
      "   7.34478141e-17 -7.40864907e-16  3.99172903e-16  1.82022844e-16\n",
      "  -2.93791256e-16 -9.26081134e-17 -3.12951556e-16  1.00000351e+00\n",
      "   9.61208350e-16 -6.51450177e-16  6.76198897e-16 -1.48811658e-15\n",
      "   1.62862544e-16  4.79007483e-17 -3.38498621e-16  9.50031508e-17\n",
      "  -4.42682749e-16  1.88409610e-16  8.30279638e-17 -1.24781449e-15\n",
      "  -1.13484856e-15 -2.98585861e-03]\n",
      " [ 1.19029095e-02  3.32111855e-16  1.91602993e-17  6.00356046e-16\n",
      "  -7.02544309e-17  5.74808980e-16 -1.02188263e-16  4.85394250e-16\n",
      "   2.01183143e-16 -4.34300118e-16  7.34478141e-17  1.56475778e-16\n",
      "   4.45476959e-16  4.94176054e-16 -9.96335565e-16  9.61208350e-16\n",
      "   1.00000351e+00  1.79468137e-15 -2.71756912e-15  1.15919811e-15\n",
      "   3.54465538e-16 -3.73625837e-16  2.92194565e-16  7.04141000e-16\n",
      "  -3.65243206e-16 -2.74630957e-16 -4.40686885e-16  8.07526782e-16\n",
      "   7.15317842e-16 -3.90954044e-03]\n",
      " [-7.32974707e-02  2.71437574e-17 -6.61030327e-16  5.10941315e-17\n",
      "  -3.30515163e-16  4.59847184e-16  1.25340291e-16  5.22517330e-16\n",
      "  -3.48078771e-16  6.83384009e-16  7.08931075e-16  6.46660102e-16\n",
      "  -4.27913352e-16  1.20949390e-16  1.20071209e-15 -6.51450177e-16\n",
      "   1.79468137e-15  1.00000351e+00 -5.29782276e-15  3.41692005e-16\n",
      "  -9.22887751e-16 -9.22887751e-16 -3.00178023e-16  4.05559669e-16\n",
      "  -1.68051792e-16  7.66411973e-17  3.00178023e-16  6.43466719e-16\n",
      "  -1.16558488e-16  7.30906774e-03]\n",
      " [ 9.04384501e-02  1.38912170e-16  2.09166601e-16  2.93791256e-16\n",
      "  -5.42875148e-17  4.88587633e-16  1.91602993e-17  2.17150059e-16\n",
      "  -3.54465538e-16  1.72442694e-16  4.94974399e-16  7.02544309e-17\n",
      "  -6.45063411e-16  2.10763293e-16 -3.32111855e-16  6.76198897e-16\n",
      "  -2.71756912e-15 -5.29782276e-15  1.00000351e+00 -2.67286176e-15\n",
      "  -3.60852304e-16 -1.24861284e-15 -5.23714848e-16 -3.03371406e-16\n",
      "  -1.54879086e-16 -2.52876034e-16  3.06564789e-16  2.21141788e-16\n",
      "   7.93755317e-16  3.56504659e-02]\n",
      " [ 2.89754043e-02  1.68450965e-16  1.07776684e-17  3.35305238e-16\n",
      "  -2.73832611e-16 -9.10114218e-17  2.61857424e-16 -1.08575030e-16\n",
      "  -3.64045687e-16  1.16558488e-16  6.38676644e-18 -1.14961796e-15\n",
      "   1.72442694e-16 -1.09373375e-16  2.28326900e-16 -1.48811658e-15\n",
      "   1.15919811e-15  3.41692005e-16 -2.67286176e-15  1.00000351e+00\n",
      "   2.82215242e-16  5.78002363e-16 -1.00591571e-15  6.73005514e-16\n",
      "  -9.73981883e-17  8.29481292e-16  5.38085073e-16 -1.56276191e-16\n",
      "  -1.36078043e-15 -5.61509844e-02]\n",
      " [-5.08661971e-02  1.14961796e-16  1.72442694e-16  3.83205987e-17\n",
      "  -1.37315479e-16 -2.61857424e-16  1.27735329e-16  2.39503742e-16\n",
      "   1.08575030e-16 -3.49675463e-16 -1.23783517e-15 -2.13956676e-16\n",
      "   2.53075620e-16  4.15139819e-17 -3.19338322e-18  1.62862544e-16\n",
      "   3.54465538e-16 -9.22887751e-16 -3.60852304e-16  2.82215242e-16\n",
      "   1.00000351e+00 -1.14642458e-15  9.79570303e-16  8.30279638e-17\n",
      "   1.53481981e-16 -1.29731193e-18 -3.55263883e-16 -9.56917241e-16\n",
      "  -3.38498621e-16  3.39404596e-01]\n",
      " [ 4.47358834e-02 -9.26081134e-17  4.94974399e-17 -1.74039386e-16\n",
      "  -6.22709728e-17 -3.83205987e-17 -4.90982670e-17  1.91602993e-17\n",
      "   1.14961796e-16  2.47487200e-16  1.04423631e-15 -6.38676644e-17\n",
      "   5.84389130e-16  1.48891493e-16 -1.88409610e-16  4.79007483e-17\n",
      "  -3.73625837e-16 -9.22887751e-16 -1.24861284e-15  5.78002363e-16\n",
      "  -1.14642458e-15  1.00000351e+00  3.46801418e-15  6.45861757e-16\n",
      "   1.38512997e-16 -1.05381646e-16 -4.88587633e-16 -1.42903899e-15\n",
      "   2.07569909e-16  1.05999300e-01]\n",
      " [ 1.44059561e-01  7.66411973e-17  1.45298937e-16 -9.58014966e-17\n",
      "   2.33116975e-16 -2.55470658e-17 -1.27735329e-16 -6.38676644e-16\n",
      "   2.39503742e-18 -1.72442694e-16 -2.55470658e-16 -6.38676644e-18\n",
      "  -5.10941315e-17 -3.83205987e-17  6.38676644e-16 -3.38498621e-16\n",
      "   2.92194565e-16 -3.00178023e-16 -5.23714848e-16 -1.00591571e-15\n",
      "   9.79570303e-16  3.46801418e-15  1.00000351e+00  2.74630957e-16\n",
      "   3.23330051e-17 -9.67595116e-16  6.38676644e-17  1.61265853e-16\n",
      "  -5.87582513e-16 -6.48008739e-02]\n",
      " [ 5.11425445e-02  1.08575030e-16  8.62213470e-17 -8.42254825e-17\n",
      "   1.91602993e-16  9.42048050e-17  3.99172903e-17 -3.48078771e-16\n",
      "   2.04376526e-16 -6.38676644e-17  2.27927727e-16  1.56475778e-16\n",
      "   2.96984640e-16 -6.94560851e-16  2.50680583e-16  9.50031508e-17\n",
      "   7.04141000e-16  4.05559669e-16 -3.03371406e-16  6.73005514e-16\n",
      "   8.30279638e-17  6.45861757e-16  2.74630957e-16  1.00000351e+00\n",
      "   7.26494683e-17 -6.89770776e-16  1.28693344e-15  4.34300118e-16\n",
      "   1.33643088e-15 -1.12632949e-01]\n",
      " [-1.61819253e-02 -5.10941315e-17 -9.42048050e-17  3.51272154e-17\n",
      "   1.56575571e-16 -9.26081134e-16 -1.05740902e-15 -1.09772548e-17\n",
      "  -1.91602993e-16 -2.65050807e-16 -8.46246554e-17  1.63181883e-15\n",
      "   4.44678614e-16 -5.95565971e-16  9.58014966e-18 -4.42682749e-16\n",
      "  -3.65243206e-16 -1.68051792e-16 -1.54879086e-16 -9.73981883e-17\n",
      "   1.53481981e-16  1.38512997e-16  3.23330051e-17  7.26494683e-17\n",
      "   1.00000351e+00  1.25819299e-15  1.88808783e-16 -3.12153210e-16\n",
      "  -2.84211107e-16  5.14623550e-03]\n",
      " [-2.33083609e-01 -1.02188263e-16  8.30279638e-17  8.78180386e-17\n",
      "   6.29096495e-16 -6.38676644e-17  5.55648681e-16 -1.53282395e-16\n",
      "  -1.45298937e-16  2.04376526e-16 -3.61650650e-16 -6.25903111e-16\n",
      "  -1.91602993e-17 -1.05381646e-16 -4.79007483e-17  1.88409610e-16\n",
      "  -2.74630957e-16  7.66411973e-17 -2.52876034e-16  8.29481292e-16\n",
      "  -1.29731193e-18 -1.05381646e-16 -9.67595116e-16 -6.89770776e-16\n",
      "   1.25819299e-15  1.00000351e+00  2.42697125e-15 -5.58842064e-16\n",
      "   4.05559669e-16 -4.78370311e-02]\n",
      " [-4.14072460e-02 -1.24541946e-16  2.77824340e-16 -2.58664041e-16\n",
      "  -4.27913352e-16  3.19338322e-16 -2.53873966e-16 -7.44058291e-16\n",
      "  -2.39503742e-18 -1.40508862e-16 -3.70432454e-16 -9.64002560e-17\n",
      "   1.61265853e-16 -1.54080740e-16 -1.43702245e-17  8.30279638e-17\n",
      "  -4.40686885e-16  3.00178023e-16  3.06564789e-16  5.38085073e-16\n",
      "  -3.55263883e-16 -4.88587633e-16  6.38676644e-17  1.28693344e-15\n",
      "   1.88808783e-16  2.42697125e-15  1.00000351e+00 -2.79321239e-16\n",
      "  -2.90198700e-16 -3.20804841e-03]\n",
      " [-5.13460915e-03  1.14762210e-16 -4.98167783e-16  5.58842064e-16\n",
      "  -1.24541946e-16  4.60645530e-16 -1.35718787e-16 -8.30279638e-17\n",
      "   2.92194565e-16 -1.29332020e-16 -3.86399370e-16 -1.67652619e-16\n",
      "  -3.06564789e-16 -4.89585565e-16  1.43702245e-17 -1.24781449e-15\n",
      "   8.07526782e-16  6.43466719e-16  2.21141788e-16 -1.56276191e-16\n",
      "  -9.56917241e-16 -1.42903899e-15  1.61265853e-16  4.34300118e-16\n",
      "  -3.12153210e-16 -5.58842064e-16 -2.79321239e-16  1.00000351e+00\n",
      "   3.83205987e-17  2.88255646e-02]\n",
      " [-9.41272123e-03  2.81017723e-16 -3.65642379e-16  7.71202048e-16\n",
      "  -4.39090193e-18 -1.81224498e-16  4.36295983e-16  1.27735329e-17\n",
      "  -5.70018905e-16  7.69605356e-16  2.07569909e-16 -3.42989317e-16\n",
      "   7.00947617e-16  1.08255691e-15  2.43016463e-15 -1.13484856e-15\n",
      "   7.15317842e-16 -1.16558488e-16  7.93755317e-16 -1.36078043e-15\n",
      "  -3.38498621e-16  2.07569909e-16 -5.87582513e-16  1.33643088e-15\n",
      "  -2.84211107e-16  4.05559669e-16 -2.90198700e-16  3.83205987e-17\n",
      "   1.00000351e+00  1.02582519e-02]\n",
      " [-1.05964106e-02 -2.27709452e-01 -5.31410805e-01 -2.10881216e-01\n",
      "   9.87320130e-02 -3.86357613e-01  2.15981939e-01  3.97312673e-01\n",
      "  -1.03079458e-01 -4.42457573e-02 -1.01502497e-01  1.03977387e-04\n",
      "  -9.54183566e-03  5.29342762e-03  3.37512903e-02 -2.98585861e-03\n",
      "  -3.90954044e-03  7.30906774e-03  3.56504659e-02 -5.61509844e-02\n",
      "   3.39404596e-01  1.05999300e-01 -6.48008739e-02 -1.12632949e-01\n",
      "   5.14623550e-03 -4.78370311e-02 -3.20804841e-03  2.88255646e-02\n",
      "   1.02582519e-02  1.00000351e+00]]\n"
     ]
    }
   ],
   "source": [
    "# Covariance matrix\n",
    "covariance_matrix = np.cov(X_scaled.T)\n",
    "print(\"Covariance matrix:\\n\", covariance_matrix)"
   ]
  },
  {
   "cell_type": "markdown",
   "id": "58be51a9",
   "metadata": {},
   "source": [
    "<h2 style=\"color: blue\"> Above section calculates the covariance matrix of the standardized dataset. The covariance matrix represents the pairwise covariance between each pair of variables in the dataset.\n"
   ]
  },
  {
   "cell_type": "code",
   "execution_count": 4,
   "id": "25881d4d",
   "metadata": {},
   "outputs": [
    {
     "name": "stdout",
     "output_type": "stream",
     "text": [
      "Variance explained: [0.06527248 0.05611266]\n"
     ]
    }
   ],
   "source": [
    "# Variance explained\n",
    "variance_explained = pca.explained_variance_ratio_\n",
    "print(\"Variance explained:\", variance_explained)"
   ]
  },
  {
   "cell_type": "markdown",
   "id": "953fe0e7",
   "metadata": {},
   "source": [
    "<h2 style=\"color: blue\"> Above section calculates the proportion of variance in the data that is explained by each principal component. This information can be used to determine how many principal components to retain for further analysis."
   ]
  },
  {
   "cell_type": "code",
   "execution_count": 5,
   "id": "af303763",
   "metadata": {},
   "outputs": [
    {
     "data": {
